eta_a = 0.5;
eta_c = 0.5;
epsilon_a = 0.5;
alpha = 0.5;
beta = 0.5;

a = [0 0 0];
b = [0 0 0];
c = [0 0 0];


%U_a(a1, a2, a3, b1, b2, b3, c1, c2, c3) = ...
  %  (1 + eta_a)*(a1 + a2) + (1 - epsilon)*a3;
%U_b(a1, a2, a3, b1, b2, b3, c1, c2, c3) = ...
 %   (1 + beta*eta_b)*(b1+b2+b3) + alpha*eta_a(a1 + a2) - epsilon_a*a3;
%U_c(a1, a2, a3, b1, b2, b3, c1, c2, c3) = ...
 %   (1 + eta_c)*(c1 + c2 + c3);

%min F(a1, a2, a3, b1, b2, b3, c1, c2, c3) = [U_a(a1, a2, a3, b1, b2, b3, c1, c2, c3),U_b(a1, a2, a3, b1, b2, b3, c1, c2, c3), U_c(a1, a2, a3, b1, b2, b3, c1, c2, c3)];

A = [ 1 0 0 1 0 0 1 0 0; 0 1 0 0 1 0 0 1 0; 0 0 1 0 0 1 0 0 1; -1 -1 -1 0 0 0 0 0 0; 0 0 0 -1 -1 -1 0 0 0; 0 0 0 0 0 0 -1 -1 -1; 0 0 0 0 0 0 -0.233 -0.233 +0.767; 0 0 0 0 0 0 -0.767 -0.767 +0.233];

b = [68800; 17000; 55000; 0; 0; 0; 0; 0; 0; 0; 0];



